0.083333333	800	459.6	461.6	0	0.25	4.6
0.083333333	850	409.8	411.8	0	0.25	4.6
0.083333333	900	360	362	0	0.5	4.6
0.083333333	950	310.3	312.3	0.1	0.2	4.6
0.083333333	1000	260.5	262.5	0.1	0.5	4.6
0.083333333	1050	210.9	212.9	0.5	0.8	4.6
0.083333333	1075	186.1	188.1	0.4	0.9	4.6
0.083333333	1100	161.4	163.4	0.75	1.1	4.6
0.083333333	1105	156.4	158.4	0.65	1.15	4.6
0.083333333	1110	151.5	153.5	0.7	1.2	4.6
0.083333333	1125	136.7	138.7	0.85	1.35	4.6
0.083333333	1140	122	124	1	1.5	4.6
0.083333333	1150	112.3	114.3	1.35	1.85	4.6
0.083333333	1155	107.4	109.4	1.4	1.9	4.6
0.083333333	1160	102.6	104.6	1.55	2.05	4.6
0.083333333	1165	97.8	99.8	1.65	2.15	4.6
0.083333333	1170	93	95	1.85	2.35	4.6
0.083333333	1175	88.2	90.2	2.3	2.5	4.6
0.083333333	1180	83.4	85.4	2.1	2.9	4.6
0.083333333	1190	74	76	2.7	3.5	4.6
0.083333333	1195	69.4	71.4	3	3.8	4.6
0.083333333	1200	64.8	66.8	3.3	3.8	4.6
0.083333333	1205	60.3	62.3	3.8	4.6	4.6
0.083333333	1210	55.8	57.8	4.3	5.1	4.6
0.083333333	1215	51.4	53.4	4.8	5.8	4.6
0.083333333	1220	47.1	49.1	5.4	6.4	4.6
0.083333333	1225	42.9	44.9	6.5	7	4.6
0.083333333	1230	38.8	40.8	7.1	8.1	4.6
0.083333333	1235	34.8	36.8	8.1	9.1	4.6
0.083333333	1240	31.5	33	9.3	9.9	4.6
0.083333333	1245	27.4	29.4	10.3	11.9	4.6
0.083333333	1250	24	25.9	11.9	13	4.6
0.083333333	1255	20.7	22.7	13.6	15.2	4.6
0.083333333	1260	18	19.5	15.6	17.2	4.6
0.083333333	1265	15.5	16.7	18	19.3	4.6
0.083333333	1270	13.1	14	20	22	4.6
0.083333333	1275	11	11.8	22.7	24.7	4.6
0.083333333	1280	9	9.5	25.6	27	4.6
0.083333333	1285	7.1	7.8	28.9	30.9	4.6
0.083333333	1290	5.7	6.3	32.3	34.3	4.6
0.083333333	1295	4.6	4.9	36.1	38.1	4.6
0.083333333	1300	3.5	3.9	40	42	4.6
0.083333333	1305	2.55	3	44.2	46.2	4.6
0.083333333	1310	1.7	2.2	48.5	50.5	4.6
0.083333333	1315	1.45	1.7	52.9	54.9	4.6
0.083333333	1320	1.1	1.4	57.5	59.5	4.6
0.083333333	1325	0.9	1	62.2	64.2	4.6
0.083333333	1330	0.7	1	67	69	4.6
0.083333333	1335	0.45	0.85	71.8	73.8	4.6
0.083333333	1340	0.25	0.75	76.7	78.7	4.6
0.083333333	1345	0.3	0.75	81.6	83.6	4.6
0.083333333	1350	0.35	0.4	86.5	88.5	4.6
0.083333333	1355	0.15	0.65	91.4	93.4	4.6
0.083333333	1365	0.1	0.35	101.4	103.4	4.6
0.083333333	1370	0.1	0.25	106.3	108.3	4.6
0.083333333	1375	0.15	0.35	111.3	113.3	4.6
0.083333333	1400	0.05	0.3	136.2	138.2	4.6
0.083333333	1500	0	0.25	235.8	237.8	4.6
0.166666667	500	757.9	759.9	0	0.25	4.66
0.166666667	700	559.4	561.4	0	0.25	4.66
0.166666667	750	509.8	511.8	0	0.25	4.66
0.166666667	800	460.2	462.2	0	0.15	4.66
0.166666667	825	435.4	437.4	0	0.5	4.66
0.166666667	850	410.6	412.6	0	0.5	4.66
0.166666667	875	385.8	387.8	0	0.5	4.66
0.166666667	900	361	363	0	0.5	4.66
0.166666667	925	336.2	338.2	0	0.5	4.66
0.166666667	950	311.5	313.5	0	0.45	4.66
0.166666667	975	286.8	288.8	0.1	0.6	4.66
0.166666667	1000	262.1	264.1	0.25	0.75	4.66
0.166666667	1025	237.4	239.4	0.4	0.9	4.66
0.166666667	1050	212.8	214.8	0.65	1.15	4.66
0.166666667	1075	188.3	190.3	1	1.3	4.66
0.166666667	1100	164	166	1.45	1.95	4.66
0.166666667	1105	159.2	161.2	1.6	2.1	4.66
0.166666667	1110	154.3	156.3	1.7	2.2	4.66
0.166666667	1115	149.5	151.5	1.7	2.5	4.66
0.166666667	1125	140.1	142.1	2	2.8	4.66
0.166666667	1150	116.4	118.4	3.1	3.9	4.66
0.166666667	1155	111.7	113.7	3.3	4.1	4.66
0.166666667	1160	107	109	3.7	4.5	4.66
0.166666667	1165	102.4	104.4	4	4.8	4.66
0.166666667	1175	93.3	95.3	4.7	5.7	4.66
0.166666667	1190	79.9	81.9	6.1	7.1	4.66
0.166666667	1200	71.2	73.2	7.4	8.4	4.66
0.166666667	1210	62.8	64.8	8.9	9.9	4.66
0.166666667	1220	54.6	56.6	10.4	12	4.66
0.166666667	1225	50.7	52.7	11.5	13.1	4.66
0.166666667	1230	46.9	48.9	12.6	14.2	4.66
0.166666667	1240	39.6	41.6	15.3	16.9	4.66
0.166666667	1250	33.2	34.8	18.4	19.3	4.66
0.166666667	1255	29.7	31.7	20	22	4.66
0.166666667	1260	26.6	28.6	21.9	23	4.66
0.166666667	1265	23.8	25.8	24	26	4.66
0.166666667	1270	21.1	23.1	26.3	28.3	4.66
0.166666667	1275	19.2	20.4	28.7	30.7	4.66
0.166666667	1280	16.4	18	31.3	33.3	4.66
0.166666667	1285	14.2	15.8	34.1	36.1	4.66
0.166666667	1290	12.2	13.8	37.1	39.1	4.66
0.166666667	1295	11	12	40.3	42.3	4.66
0.166666667	1300	9.1	10.1	43.6	45.6	4.66
0.166666667	1315	5.2	6.2	54.6	56.6	4.66
0.166666667	1320	4.3	5.1	58.6	60.6	4.66
0.166666667	1325	3.7	4.3	62.7	64.7	4.66
0.166666667	1330	2.75	3.5	66.9	68.9	4.66
0.166666667	1335	2.25	3	71.3	73.3	4.66
0.166666667	1340	1.8	2.55	75.8	77.8	4.66
0.166666667	1345	1.55	2.05	80.3	82.3	4.66
0.166666667	1350	1.25	1.75	84.9	86.9	4.66
0.166666667	1355	1	1.5	89.6	91.6	4.66
0.166666667	1375	0.4	0.85	108.8	110.8	4.66
0.166666667	1400	0.2	0.35	133.4	135.4	4.66
0.166666667	1425	0.05	0.3	158.1	160.1	4.66
0.166666667	1450	0	0.25	182.9	184.9	4.66
0.166666667	1500	0	0.25	232.5	234.5	4.66
0.416666667	500	758.4	760.2	0	0.25	4.8
0.416666667	550	709.3	711.1	0	0.25	4.8
0.416666667	600	660.3	662.1	0	0.25	4.8
0.416666667	650	611.3	613.1	0	0.25	4.8
0.416666667	700	562.3	564.1	0.05	0.2	4.8
0.416666667	750	513.3	515.1	0.05	0.5	4.8
0.416666667	800	464.4	466.2	0.1	0.6	4.8
0.416666667	850	415.6	417.4	0.35	0.85	4.8
0.416666667	900	367	368.8	0.8	1.3	4.8
0.416666667	925	342.7	344.5	1.05	1.55	4.8
0.416666667	950	318.5	320.3	1.4	1.9	4.8
0.416666667	995	275.3	277.1	2.25	2.95	4.8
0.416666667	1000	270.6	272.4	2.4	3.1	4.8
0.416666667	1005	265.8	267.6	2.55	3.2	4.8
0.416666667	1025	246.8	248.6	3.2	3.9	4.8
0.416666667	1050	223.2	225	4.1	4.3	4.8
0.416666667	1075	200	201.8	5.3	6.2	4.8
0.416666667	1100	177.1	178.9	6.9	7.8	4.8
0.416666667	1125	154.7	156.5	9	9.9	4.8
0.416666667	1150	132.9	134.7	11.5	12.7	4.8
0.416666667	1175	112	113.8	15	15.5	4.8
0.416666667	1200	92	93.8	19.4	20	4.8
0.416666667	1225	73.4	75.2	25.3	26.8	4.8
0.416666667	1250	56.4	58.2	32.8	34.3	4.8
0.416666667	1275	41.4	43.2	42.2	44	4.8
0.416666667	1300	28.9	30.4	54.1	55.9	4.8
0.416666667	1325	18.9	20.1	68.4	70.2	4.8
0.416666667	1350	11.5	12.7	85.4	87.2	4.8
0.416666667	1375	6.6	7.5	104.7	106.5	4.8
0.416666667	1400	3.5	4.1	126	127.8	4.8
0.416666667	1425	1.7	2.2	148.7	150.5	4.8
0.416666667	1450	0.75	1.25	172.3	174.1	4.8
0.416666667	1500	0.25	0.6	220.7	222.5	4.8
0.416666667	1600	0	0.25	318.6	320.4	4.8
0.666666667	700	564.6	566.4	0.05	0.5	4.84
0.666666667	750	516.3	518.1	0.2	0.7	4.84
0.666666667	800	468.2	470	0.55	1.05	4.84
0.666666667	850	420.3	422.1	1.05	1.55	4.84
0.666666667	900	372.7	374.5	1.8	2.5	4.84
0.666666667	950	325.6	327.4	3.2	3.9	4.84
0.666666667	975	302.2	304	4.2	4.9	4.84
0.666666667	1000	279.1	280.9	5.2	6.1	4.84
0.666666667	1050	233.7	235.5	8.2	9.1	4.84
0.666666667	1100	189.7	191.5	12.5	13.7	4.84
0.666666667	1125	168.5	170.3	15.4	16.6	4.84
0.666666667	1150	147.9	149.7	19	20.2	4.84
0.666666667	1175	128	129.8	23.1	24.6	4.84
0.666666667	1200	109.1	110.9	28.4	29.9	4.84
0.666666667	1225	91.2	93	34.7	36.2	4.84
0.666666667	1250	74.6	76.4	42.2	44	4.84
0.666666667	1275	59.5	61.3	51.3	53.1	4.84
0.666666667	1300	46	47.8	62	63.8	4.84
0.666666667	1350	24.8	26.3	89	90.8	4.84
0.666666667	1375	17.3	18.5	105.5	107.3	4.84
0.666666667	1400	11.3	12.5	123.7	125.5	4.84
0.666666667	1450	4.3	5	164.9	166.7	4.84
0.916666667	600	661.8	663.6	0	0.5	4.84
0.916666667	700	566.5	568.3	0.5	0.8	4.84
0.916666667	750	519.1	520.9	0.8	1.25	4.84
0.916666667	800	471.8	473.6	1.35	1.85	4.84
0.916666667	850	424.9	426.7	2.3	3	4.84
0.916666667	900	378.5	380.3	3.7	4.1	4.84
0.916666667	925	355.4	357.2	4.7	5.4	4.84
0.916666667	950	332.6	334.4	5.7	6.6	4.84
0.916666667	975	310	311.8	7	7.9	4.84
0.916666667	995	292.1	293.9	8.2	9.1	4.84
0.916666667	1000	287.6	289.4	8.5	9.4	4.84
0.916666667	1005	283.2	285	8.9	9.8	4.84
0.916666667	1025	265.6	267.4	10.3	11.5	4.84
0.916666667	1050	243.8	245.6	12.4	13.6	4.84
0.916666667	1075	222.5	224.3	15	16.2	4.84
0.916666667	1080	218.3	220.1	15.6	16.8	4.84
0.916666667	1085	214.1	215.9	16.2	17.4	4.84
0.916666667	1100	201.6	203.4	18	19.2	4.84
0.916666667	1125	181.2	183	21.3	22.8	4.84
0.916666667	1150	161.4	163.2	25.5	27	4.84
0.916666667	1175	142.3	144.1	30.2	31.7	4.84
0.916666667	1200	124	125.8	35.8	37.3	4.84
0.916666667	1205	120.4	122.2	37	38.5	4.84
0.916666667	1210	116.9	118.7	38.3	39.8	4.84
0.916666667	1225	106.6	108.4	42.2	44	4.84
0.916666667	1250	90.3	92.1	49.8	51.6	4.84
0.916666667	1260	84.1	85.9	53.2	55	4.84
0.916666667	1265	81.1	82.9	54.9	56.7	4.84
0.916666667	1275	75.2	77	58.6	60.4	4.84
0.916666667	1300	61.3	63.1	68.7	70.5	4.84
0.916666667	1315	53.7	55.5	75.4	77.2	4.84
0.916666667	1325	48.9	50.7	80.2	82	4.84
0.916666667	1350	38.2	39.7	93.3	95.1	4.84
0.916666667	1375	28.9	30.4	107.9	109.7	4.84
0.916666667	1400	21.2	22.7	124.1	125.9	4.84
0.916666667	1425	15.2	16.4	141.9	143.7	4.84
0.916666667	1450	10.4	11.6	161	162.8	4.84
0.916666667	1460	9	9.9	169	170.8	4.84
0.916666667	1465	8.2	9.1	173	174.8	4.84
0.916666667	1475	6.9	7.8	181.3	183.1	4.84
0.916666667	1500	4.5	5.2	202.7	204.5	4.84
0.916666667	1550	1.65	2.15	247.6	249.4	4.84
0.916666667	1600	0.45	0.95	294.3	296.1	4.84
1.416666667	700	569.6	572.6	1.5	2.05	4.83
1.416666667	750	523.8	526.8	2.2	3	4.83
1.416666667	800	478.4	481.4	3.5	4.3	4.83
1.416666667	850	433.5	436.5	5.1	6.4	4.83
1.416666667	900	389.3	392.3	7.6	8	4.83
1.416666667	950	345.9	348.9	10.6	12.6	4.83
1.416666667	1000	303.5	306.5	14.9	16.9	4.83
1.416666667	1050	262.5	265.5	20.3	22.8	4.83
1.416666667	1100	222.9	225.9	27.5	30	4.83
1.416666667	1150	185.2	188.2	36.5	39	4.83
1.416666667	1175	167.3	170.3	41.7	44.7	4.83
1.416666667	1200	149.9	152.9	47.7	50.7	4.83
1.416666667	1225	133.3	136.3	54.4	57.4	4.83
1.416666667	1250	117.5	120.5	62	65	4.83
1.416666667	1275	102.5	105.5	70.4	73.4	4.83
1.416666667	1300	88.5	91.5	79.7	82.7	4.83
1.416666667	1350	63.6	66.6	101.5	104.5	4.83
1.416666667	1375	52.7	55.7	114	117	4.83
1.416666667	1400	43.1	46.1	127.7	130.7	4.83
1.416666667	1450	27.5	30	158.6	161.6	4.83
1.416666667	1500	16.3	18.3	193.9	196.9	4.83
1.416666667	1550	9.1	10.4	233	236	4.83
1.416666667	1600	4.5	5.8	275.1	278.1	4.83
1.916666667	600	662.3	665.3	1	1.8	4.81
1.916666667	700	573.1	576.1	3	3.8	4.81
1.916666667	750	529.1	532.1	4.4	5.7	4.81
1.916666667	800	485.6	488.6	6.5	7.8	4.81
1.916666667	850	442.8	445.8	9.2	10.5	4.81
1.916666667	900	400.8	403.8	12.4	14.4	4.81
1.916666667	950	359.6	362.6	16.9	18.9	4.81
1.916666667	1000	319.6	322.6	22.1	24.6	4.81
1.916666667	1050	280.7	283.7	28.9	31.4	4.81
1.916666667	1075	261.8	264.8	32.8	35.3	4.81
1.916666667	1100	243.3	246.3	37	39.5	4.81
1.916666667	1150	207.6	210.6	46.7	49.7	4.81
1.916666667	1175	190.5	193.5	52.3	55.3	4.81
1.916666667	1200	173.9	176.9	58.6	61.6	4.81
1.916666667	1225	157.9	160.9	65.4	68.4	4.81
1.916666667	1250	142.6	145.6	72.8	75.8	4.81
1.916666667	1275	127.9	130.9	80.9	83.9	4.81
1.916666667	1300	114	117	89.8	92.8	4.81
1.916666667	1325	100.8	103.8	99.4	102.4	4.81
1.916666667	1350	88.5	91.5	109.9	112.9	4.81
1.916666667	1375	77	80	121.2	124.2	4.81
1.916666667	1400	66.4	69.4	133.4	136.4	4.81
1.916666667	1450	47.9	50.9	160.5	163.5	4.81
1.916666667	1500	33.3	35.8	191.3	194.3	4.81
1.916666667	1525	27.2	29.7	208	211	4.81
1.916666667	1550	21.9	24.4	225.5	228.5	4.81
1.916666667	1600	13.9	15.9	262.8	265.8	4.81
1.916666667	1650	8.6	9.9	302.7	305.7	4.81
2.916666667	600	662.5	666.5	3.7	4.7	4.78
2.916666667	700	579.6	583.6	7.6	9.1	4.78
2.916666667	800	499	503	13.4	15.9	4.78
2.916666667	900	421.5	425.5	22.6	25	4.78
2.916666667	1000	347.5	351.5	35.6	38.6	4.78
2.916666667	1100	278	282	52.5	56.5	4.78
2.916666667	1200	214	218	75.5	79.5	4.78
2.916666667	1275	170.5	174.5	97.3	101.3	4.78
2.916666667	1300	157	161	105.5	109.5	4.78
2.916666667	1400	108.5	112.5	144	148	4.78
2.916666667	1500	69.8	73.8	192.3	196.3	4.78
2.916666667	1600	41.2	45.2	250.7	254.7	4.78
2.916666667	1700	22.5	25.5	318.5	322.5	4.78
2.916666667	1800	11.2	13.7	393.8	397.8	4.78
2.916666667	1900	5.4	6.9	474.5	478.5	4.78
